294001
505447
584141
604171
971767
1062599
1282529
1524181
2017963
2474431
2690201
3085553
3326489
4393139
5152507
5564453
5575259
6173731
6191371
6236179
6463267
6712591
7204777
7469789
7469797
7858771
7982543
8090057
8353427
8532761
8639089
9016079
9537371
9608189
9931447
10506191
10564877
11124403
11593019
12325739
14075273
14090887
14151757
15973733
16497121
17412427
17412599
17424721
18561293
18953677
19851991
20212327
20414561
21044557
21089489
21281479
21496661
21668839
21717601
22138349
22431391
22480351
23228479
23274191
23462969
25081361
25151927
25475617
25556941
25768091
25872199
25948847
26024267
26521721
27242179
27245539
27425521
27465103
27469241
28046353
28070047
28978889
29136091
29348797
29638519
30791767
30915637
30964013
31240481
32524313
33051769
34302127
34349969
34586371
35009671
35319367
35355923
35673679
35954509
36221597
37074487
37095427
37448137
38178211
38530123
39397009
39689597
39724417
40085977
40432489
40638727
40812781
41745331
41980441
42120581
42145837
42758917
43414669
43432409
43924399
43988459
44617561
44750351
45420457
46031123
46301219
46448719
46591507
47263001
47457367
47744239
48024359
48143047
48341959
48384977
48441331
49259803
49353841
49453847
50030077
50170513
50413439
50456519
50471857
50592911
50729603
51340909
52127189
53355689
53420963
53454589
53751119
53753587
53977403
54048263
54292081
54559123
54868459
55204889
55959643
56485057
56660599
56690071
56743469
57013823
57177889
57375139
57980963
58020581
58091653
58107953
58366619
58572593
59088739
59160317
59704529
60949807
61089089
61552901
61575539
61589579
62324861
62444033
62552489
62725253
63359161
64085921
64087411
64843237
65029997
65040751
65314439
65366051
65702393
65947213
66117679
66640253
66854549
67296517
67489091
67715653
67959743
68030449
68428379
68495347
68970457
69315427
69374167
69505109
69912431
70006253
70078549
70514141
70717291
70850641
71364053
71370853
71756029
71760109
72168857
72418187
72422393
72504457
72519631
72673213
72760297
73022273
73179193
73440439
73644101
74143801
74190419
74543663
74711779
75374149
75448801
75460849
76297087
76456141
76720291
76828823
77250497
77438461
77444701
77511487
77540017
77675639
77844287
78050209
78440119
78562307
78712681
78958211
79477127
79833133
80054363
80286407
80468587
81397777
81434501
81536501
81608981
81811589
82087813
82319411
82542419
82742243
82764371
82817039
82892633
82905047
83127119
83407327
83610599
83880829
84083011
84159917
84255251
84487439
84733919
85415249
85468223
85478369
85637089
86504879
86688269
87055763
87303817
87517271
87615019
88551439
88826693
88903379
88948439
89006641
89146619
89473777
89602771
89819413
90997241
92027977
92305589
92519951
92782441
93573091
93831383
94113781
94874159
94912583
95401417
95517517
95532289
95663761
95992103
97069493
97165001
97283321
97353379
97518247
97551143
97792117
97864961
97994641
98285017
98372203
98451193
98643439
98701003
98750609
98954621
99041179
99157987
99595919
99778351
100447177
101154751
101413777
102871081
103291453
104097043
104908273
105217711
106086811
106371787
107552111
108903143
110548133
111033269
111438259
111522709
111627713
111974587
112602443
112663181
113130803
113290007
115610399
116061419
116297257
116321323
117302429
118121197
118565423
118966829
119050499
119075857
119686943
122047117
122150891
122773549
123892907
125286191
126270601
126445639
126517543
126772411
127311133
128456557
128824391
128885389
129461279
130859077
131022547
131739043
132077149
134143837
134528677
135085453
135272429
135345391
135870139
136003643
136240781
136562467
137083109
137165071
137813021
138583811
139281463
139452133
139806203
140383207
141016331
141017011
141187097
141307483
142095827
142380013
142790317
143561773
143924173
144232247
144442087
144481273
144536701
144988267
146020961
146610701
147826829
147846253
148421633
148974047
149411569
149480959
150175379
150971243
151187611
151753867
154114031
154377841
154467277
154477891
155498891
156148427
156251789
156303463
156394657
156589987
156693529
157018483
157101907
157553993
159290381
161423527
162066193
162123869
162417733
162524249
162630497
163146457
163482377
163655431
164076173
164262151
164787449
165543479
165600647
165613871
165656159
165862253
165994513
166374487
167056709
167637101
167753561
168956971
169567081
169817047
170448713
170880299
171154673
171206471
171310747
172155173
172535497
173011789
173050477
173485307
173854783
174163679
174465541
174615391
175110097
175164643
175489417
175539191
175988881
176582687
176598493
176704379
177704491
177911983
178014517
180044797
180455519
180552809
181475743
181946617
182363249
182386921
183585973
183838177
183855059
183875191
184116337
184972289
185627177
185823727
186000169
186343193
187558759
187750883
188756171
189525311
189895879
190056833
190530629
191139671
192093787
192855583
193837841
194437163
194512459
194846149
195315619
196363373
196389047
197611483
197964253
198129871
198303601
198764771
198873523
199802621
200410643
200875271
201067729
201674041
202172063
202607243
204677017
206375471
206461007
206845729
207091853
207751811
207773861
208017679
208278557
209297449
209538169
209769991
210362171
211848541
212040557
212083709
212470087
212545831
213685123
214374443
215329753
215723539
215962031
216553829
216575111
216826097
217870921
217974623
218730991
218803751
219149123
219172579
219438257
219688867
219972637
220176029
220556603
221147131
221758003
221944409
222626231
222638237
222696457
222883571
222914941
223182941
223404989
223646447
224398087
224455391
224545759
224709337
225113981
225265883
225761299
226122881
227652493
228107927
228661457
228999007
230161111
230429021
231691217
231797383
231838601
232191637
232703543
232739701
233520647
235028657
235245359
235507913
235574981
235981741
236729173
237343481
237376873
237452933
238584089
238769033
240148921
241305061
241625663
241722557
242138863
242207887
242665363
242943269
243103481
243141047
243158147
243295711
243703087
244140601
244722923
245251529
245300189
245562151
246034093
246562769
247422013
250060253
250519337
251473463
251616511
251643479
252027119
252400937
253722533
253856429
253870387
254054461
254494619
254833429
255252451
256261253
256418909
257246971
257444527
257531587
258002579
258299231
259830803
261775727
262772581
263328101
264103727
264332599
264820999
265275761
265456739
265497457
265528433
266608163
266642003
269343973
270050303
271797259
271840409
271976759
272019863
272429579
272536763
273754457
274603501
274822127
274958851
275297333
275301721
275598053
275817439
277103339
277180921
277578823
278057113
278151683
278618597
278640701
279553357
280282907
281311099
281465231
281570447
281841817
282554387
282805559
283401887
283836893
283988261
284754797
284908193
285059303
285437237
285628841
286038871
286338469
286615471
287876051
288090827
289524091
289612403
289750271
290682479
290746889
292079581
292348489
292813271
292852559
292955717
293460571
293650121
293924503
294280529
294728491
295090787
295593563
295734029
296368307
297566849
298607999
299393099
300149891
300438571
300444983
300755207
301772311
302429849
302481329
302698157
302883353
303622229
303833791
303863093
305580127
305828819
306604271
306616951
307324471
308468747
308848037
308986049
310443019
311544817
311604151
312172519
312268043
312564841
312853883
313137397
313840627
314860081
314894941
314997889
315020731
315286409
315545011
315591361
315595129
315956317
316747819
316835923
316841489
317539591
317928791
318012257
318127567
318265771
318457147
318866897
320337821
320484431
320515523
320699153
320773081
321198883
321881117
322212073
322686167
322728701
323032921
323095853
324410557
324821909
325225499
326720437
327369463
327466747
327605911
327719653
328254587
328446037
328719317
330801547
331117247
331435217
331867411
332446241
333350243
333710701
334297501
335323139
335828711
335884651
336781867
338801717
339317497
340172299
340420547
341999237
342172553
344195167
344282417
344367383
344477071
344504177
345014077
345189329
345297683
345768937
347066593
347142283
347333881
347346169
347508331
347509927
347969119
349298471
349458983
349542187
349821721
349986229
350115097
350408111
351205157
351231187
352011629
352234187
352236529
352330883
352422781
353244823
353282459
353750443
354531427
354712339
354831881
354975121
355470571
355582583
355826971
355829273
355840543
355997963
357926159
358061993
358156837
358511737
358680779
359210227
359756039
361008937
361175497
361451183
362033939
362384339
362451449
362529623
362654069
364928429
365352089
365707411
365972359
366555029
366880079
367045813
367233067
367573187
368036507
368073179
368111839
368228213
368647283
369247261
370051177
370673533
371180653
371313289
371338217
371618437
371758459
371904187
372158047
372215827
372275971
372607159
372609569
372825287
373349551
375025447
375347429
375755851
375848987
376324259
376392901
376726937
377351879
377373751
377770411
377840471
378526481
378549641
378677687
380390851
381170227
381421763
381767719
383131939
383166779
383220571
383895089
384033493
384165623
384370009
386077171
386240291
386465663
386819383
387173767
388336873
388512287
388810403
388945259
388990577
389252371
390150193
390761993
391166929
391281593
391848937
392561963
393124517
393258581
393591521
394550353
394763977
395141419
395359189
395383057
395412541
395738599
396069841
396144563
396221531
396448597
396731891
397452157
398304349
398711041
398880481
399912673
400420399
400892969
401433211
401438759
401753699
402214789
402333367
402813251
402864257
402972517
403130317
403229789
404300053
404561413
405153961
405411653
405752813
406089989
406329577
407359439
407403649
407480527
408228439
408277313
408402377
408475493
408606073
408907393
409040941
409311491
409320521
409575643
409868737
410197507
410665709
410688931
410921617
412244467
412258919
412425973
413162291
413172941
413627987
413698819
414171449
414326617
414612943
414638461
414777589
414831721
415004627
416121799
416440873
418222709
418468949
418479317
418610791
418746467
419133061
419142991
419236183
420921587
421517333
421612193
421962949
422196407
422515207
422881577
423549059
423879047
424296667
424753793
424984447
425020847
425134393
425796863
425894017
425961167
426076319
427182923
428161231
428315231
428528491
428575111
428684677
429094261
429633487
430264259
430468327
430651591
430944133
431098687
431205239
431647897
431666311
431957101
432022061
432137183
432414613
433795979
434211157
434633371
434957491
435009623
435970571
436425919
436504153
436511347
437756729
437809171
438022171
438078451
438775331
439376831
439638527
439649317
439942957
440122777
440328451
440802457
440951957
441114281
441187561
441280523
441354163
441922991
441983123
442475809
442875793
443212789
443562461
444224863
444569183
444962659
445008563
445102351
445411541
445780537
445892131
446185339
446284717
446449411
446667787
446948449
447293047
447309529
447443593
447683297
447983773
448009753
448164109
448194277
448364339
448567771
449445877
449482987
449769487
449925779
450003721
450845711
451716851
451862837
452186177
452398217
453274949
453394577
453676057
453725449
454015547
454155913
454184789
454812487
454917119
455502529
455507627
455523293
455664757
456024967
456057733
456294193
456643223
457373167
457508213
458644453
459109589
459186929
459195361
459328229
459494869
459537887
459651767
460515113
460637431
460692511
460855841
460860989
461499427
461747311
461769173
461773883
461958407
462434311
463004831
463269847
463433407
464214847
464775859
465248873
465268823
465580109
465630577
466088197
466304473
466391479
466710703
466765813
466827617
467024087
467089783
467215487
467276767
467444557
467818471
467973271
468030163
468254407
468830987
469260787
469266481
469400369
469984729
470024897
470114993
470483047
470486899
470645951
470979181
472410439
473309003
474029909
474170353
474524443
474631909
474788269
474862159
475030931
475037779
475554113
475797001
475860181
475986263
476196157
476598301
476809321
478248469
478391273
478421347
478669267
478768949
478861001
479048149
479467649
479645273
479777923
480177301
480303877
480493357
480578897
480907741
481103197
481288187
482117243
482212943
482525117
482652659
482669413
483475613
483531637
483625763
483916981
484011391
484118317
484228411
484448387
484516861
484604303
484911991
485065871
485277319
486299159
486551017
487419547
487556393
487803293
487816159
487838581
487843381
487901593
488034251
488232803
488583787
488585677
488654237
489287443
489468631
490280341
490565407
490597813
490729381
490806997
490820581
490861489
491302099
491671907
491846657
492754487
493113739
493729417
493941667
494038507
494112631
494129719
494570819
494692103
495099167
495472093
495645617
495859253
496211279
496256239
496577129
497131627
497418611
497813119
498457243
498701473
499728763
500004469
500080241
500242163
500393767
500803783
501152671
501230297
501631453
502123813
502352281
502401611
503063027
503628317
504072391
504115043
506403589
506469451
507483227
507732367
507856387
508061809
508188893
508475839
509378411
510166351
510615659
512056511
512115451
512329373
512901959
512927603
513126013
513198799
513267191
513882667
514249009
514371511
514498867
514900721
515788303
516414781
516615943
517360867
517755863
517840703
518079227
518407679
519371443
519436901
520031011
520164613
520620769
520661909
521251109
521278099
521781301
522932369
524140921
524547547
524552393
524741869
524770471
525541909
525665519
526003019
526281023
526458007
526481939
526496713
526750681
527042753
527504137
527851253
527911103
528005171
528178741
528297857
528345869
528821861
529418933
529441501
529613561
529900451
530304937
530511907
531221759
531492151
532103701
532619621
532845041
533024587
533849087
534215251
534836311
535433317
535529377
536042471
536620853
536959097
537460379
537808631
538051439
538300253
538480223
538713029
538897283
540086167
540126997
540388483
541328971
541578073
541712443
542227709
542231171
542543077
542543437
542581517
542774413
543426629
543510641
543541829
544348193
544390283
544426693
545179429
545314591
545594657
545767109
545789789
545925337
546054001
546128699
546304457
546427769
547409971
547423571
547480729
547672439
547931609
547933699
548349667
548460923
548544281
549117301
549228961
549426853
549471691
549483551
549629747
549712039
549726757
549858391
550575523
551822021
552139871
552258173
552399563
553780823
553795351
553854551
554249219
554328461
554671141
554802713
555137189
555277609
555644183
555923663
556287989
556333717
556337017
556617277
557367787
557554951
557573117
557745119
558038729
558132233
558462253
558811511
558841819
559751767
559927531
560212553
560245501
560503523
560722579
560799289
561072011
561171931
561246929
561561607
561623341
562164353
562211693
562436977
563984459
564413797
564464221
564798029
565202951
565853791
566252119
566420159
566587831
566867467
567284911
567386473
567674941
567941459
568013059
568331749
568746809
569118709
570401683
570699533
571308821
571426883
571596691
571867613
572141221
572741431
572781953
572874283
572945591
573104551
573223267
573545123
573692347
573887849
574254463
575210939
575528743
575556077
575615239
575708027
576067313
576182417
576576487
576742993
577324393
577429319
577644187
577911907
577986293
578539981
578739659
578797291
578999173
579085597
579171193
579247169
579319199
579598343
580444897
580892189
581002001
581401109
581414039
582388229
582728903
582986233
582999749
583616291
583747687
584072297
584074747
584146769
584188859
584469421
584746213
584866111
585730283
587144903
587902559
588039029
588197273
588280753
588536423
589053527
589321807
589416899
589566233
589615703
590480783
590603051
591067537
591361553
592958371
593035253
593388269
593753581
594221291
594999347
595498777
595548287
596905553
597290647
597689887
597746341
597932861
598437659
598495439
598621321
598649627
598659263
598865417
599051303
599129627
599184503
599561849
599625977
600842401
600972157
601670371
601733491
601769521
601810459
601868767
602023969
603627029
603899129
604060837
604205573
605198101
605291459
605442499
605528393
605561633
607043911
607238843
607327069
607780559
607838813
608084459
608455333
608610799
608749301
608768399
609224657
609310417
609779437
611498369
611637647
611707441
611743417
612748889
613363327
614401583
614462153
614464861
614548729
614696497
614938559
615466987
615540659
615668569
615902977
616653293
616786631
616960469
617333923
617615623
617697167
618446743
618999343
619319443
619360211
619646483
620145061
620203057
620213963
620315243
621123973
621363623
621549871
621602419
621742873
622247729
622402409
622444129
622610921
623239403
623416867
623624123
623758493
624413609
624544681
624676027
624691777
625002527
625127539
625716479
626314991
626709077
626873617
626891323
626968361
627163037
627365803
627694163
627714083
628132991
628288709
628528027
628733531
628977593
629635561
630665279
631026353
631212863
631229351
631443931
632464673
632537231
632990009
633029843
633781999
633980621
634010353
634614949
